-1.167237830761292283e+00
-1.043252047720560682e+00
-1.202194443053811845e+00
-1.485676292599980686e+00
-1.093519184944041767e+00
-1.284191645956872074e+00
-1.098301163429842742e+00
-9.216427276118744905e-01
-1.109332502343978843e+00
5.991144806177791660e-01
4.607615236195434782e-01
2.422456262061548071e-01
-3.140276329418284756e-03
-1.775407666049126296e-02
3.500829167065739322e-01
4.851721853069190793e-01
-1.103902675309239356e+00
8.908671083412975089e-02
-1.070767960358803617e+00
-8.291713004819796229e-01
7.481886963004628910e-02
-1.103902675309239356e+00
-1.343009255223971410e+00
-1.420113945631296115e+00
