-2.895401646727970291e-01
-6.641356971452017088e-01
-5.243293489076777947e-01
-1.610585618568957933e-01
-8.414163953641877469e-02
-1.711529511885460930e-01
1.266004834675169555e-01
1.567232861472297178e-01
-1.826845570451755552e-01
-3.184643217584319785e-01
-3.029372219915572040e-01
-9.878729902300468213e-01
-9.860658206604534515e-01
-1.088851838941722328e+00
1.301084257692391555e+00
-1.966110121244819542e-01
-1.763098105175122110e-01
8.991409182667088607e-02
-8.753844851393793869e-01
5.035636863647187100e-01
1.391039743232590498e-01
-1.763098105175122110e-01
-2.225149138589946340e-01
-1.344861985213670619e-01
