-6.378340847063957986e-01
-4.223435672416166881e-02
1.066492122533773124e+00
-4.425754768371454873e-01
-7.334018524764976954e-01
9.136391156599910079e-01
-7.334018524764976954e-01
-5.001541942178915345e-01
-5.446862833573219431e-01
7.334018524764976954e-01
7.334018524764976954e-01
7.334018524764976954e-01
7.334018524764976954e-01
-3.085244175955814683e-01
7.280450838423334625e-01
-7.334018524764976954e-01
-6.568845675458281352e-01
5.783837458401629439e-01
-5.438546684623249972e-01
7.376540009343113269e-01
6.873821760320404373e-01
-6.568845675458281352e-01
-4.677837723903809919e-01
-5.838165672725876831e-01
