-3.185783735070708556e-01
-5.697373426592085288e-02
5.921654205571037777e-02
-8.574358591863942558e-02
-1.154425771621735847e-01
-1.141086337108805804e+00
-1.649683611101922798e-01
-6.710442363703905677e-02
-9.983084574506694009e-02
-3.344088721856136592e-02
-5.557866319273276068e-02
-1.043387821932789811e-01
-2.752425371401557852e-01
1.097372159534553276e-01
1.155989506297725039e-01
1.161403690329178146e-01
-3.826223787230476070e-01
2.478964209803712904e-01
-5.626914539065134280e-01
-1.280197697781328414e-01
2.731712055110516180e-01
-3.826223787230476070e-01
-8.361340153792846674e-01
-9.224087396337828093e-02
