-6.151165587550260216e-01
-2.159266409949467669e-01
2.427299695012689884e-02
-1.045469263681640504e+00
-4.881228005416823890e-01
-1.218961237440049361e+00
-4.086911009844640952e-01
-3.312452299198105909e-01
-4.364675522134085495e-01
1.520122322506599621e-01
5.825907979923300450e-02
-3.886118250034290705e-02
-1.527222756826633887e-01
-9.395360875222169561e-01
1.187938289843657458e+00
-1.053237120894957440e-01
-5.721417055041220223e-01
3.250200938105224369e-01
-1.177037774581326968e+00
5.439137562212458255e-01
6.209264557797365969e-01
-5.721417055041220223e-01
-1.215954059934492015e+00
-1.022561352726983674e+00
