-8.817981061629593942e-01
-1.126137958726384003e+00
-7.395237899442304030e-01
-1.534080129004107729e+00
-7.530883035014521720e-01
-1.250324046792457455e+00
-6.787769731642024906e-01
-6.487450779007085666e-01
-7.523909568406930148e-01
3.943054181637957178e-01
3.206195897058873867e-01
1.245729202293748006e-01
1.070931628657907815e-02
-9.624664727882235038e-01
1.040312987952281665e+00
3.013120349153367017e-01
-7.595345590172326578e-01
3.126337760046115077e-01
-1.244115029675064488e+00
7.602308010333459487e-01
4.071813560463599102e-01
-7.595345590172326578e-01
-1.476659195674688618e+00
-1.467036109577935177e+00
