-4.313572927456842399e-01
-6.486904745906849068e-02
6.477699463046673878e-02
-3.606976929597205395e-01
-3.296522282044828112e-01
-1.195478938119963974e+00
-2.563993427431736083e-01
-1.803470826845778308e-01
-2.496153999163619186e-01
1.719706717985391639e-02
-5.512078819142496311e-02
-1.162376656638422767e-01
-2.514138258748651045e-01
-6.852297837021674720e-01
1.154608865819454877e+00
-9.716275493007435482e-02
-4.902154612779742182e-01
3.093411454725155108e-01
-9.348304333833969970e-01
1.347541846777410846e-01
4.271731776059224939e-01
-4.902154612779742182e-01
-1.015933942107499766e+00
-3.836560598958148049e-01
