-1.777380526917198944e+00
5.972588958252231239e-02
2.625740844156447817e+00
1.160793012142349034e-01
2.709956539541589771e-01
-1.007927512269570558e+00
3.654507238009273018e-01
4.729618916899348546e-01
3.363463201045145401e-01
-3.905524082476966030e-01
-3.763883502109814372e-01
-9.652318639032863024e-01
-1.041771057716328164e+00
-8.501074255006983993e-01
1.357612474894681620e+00
-3.037599946733332001e-01
-1.982768838532693589e+00
-1.461674414946670109e-01
-1.831568210642357808e-01
1.187740507492945241e+00
-2.330216913891947628e-01
-1.982768838532693589e+00
1.166952994280838485e-01
1.990770012533160660e-01
