1.521781517869004841e+00
2.344649765951529297e+00
-3.515489971891124998e+00
8.865018724985156418e-01
8.592282145227946311e-01
-2.430360703536007527e-01
6.530339640867880435e-01
6.827142594043305035e-01
1.214920762474360538e+00
-4.849794522234454064e-01
-4.559895745521740373e-01
4.914096030850950148e-01
6.031148974917137640e-01
-1.207675522289039405e+00
1.707011138060398947e+00
-3.746070003454401998e-01
1.427725226143192083e+00
-4.146638212608020901e-01
4.523119777608762271e-01
2.681810087030029877e+00
-3.491864377553008936e-01
1.427725226143192083e+00
6.111525946537019749e-01
8.761744283799884903e-01
