-8.989854820502474197e-01
-5.469917251051132911e-01
1.137508922169260694e+00
-3.590314834583371861e-01
-1.248633567230655467e-01
-8.899649580610038413e-01
2.245305140816055145e-01
2.937816629750101272e-01
-2.974599016205193847e-01
-6.837371430538565775e-01
-7.113322402640441799e-01
-6.456976277367458827e-01
-9.168773454697476399e-01
-7.854721984891213094e-01
1.234689134003072120e+00
-6.614157475074796677e-01
-8.318190236075382327e-01
-1.702445736582138269e-01
-1.953682548819284381e-01
2.034600416644295695e+00
-1.825289157065406731e-01
-8.318190236075382327e-01
-1.721549378664420649e-01
-2.296934341369237242e-01
