-4.987446726821441190e-01
-2.227655265620265002e-01
-3.301925187965716602e-02
-1.051898726375199100e+00
-8.405575531792863764e-01
-6.890863005387986018e-01
-7.793014926028145606e-01
-7.323800530329789282e-01
-8.312812642183088352e-01
5.086092696965034410e-01
3.835148121407844224e-01
-8.390039492090566042e-02
-1.992309770356958665e-01
-8.853603915790481116e-01
1.204130810658274209e+00
1.919721051763150776e-01
-4.632421554833574540e-01
3.989344834622017277e-01
-1.265172909328792006e+00
2.618787723141705603e-01
9.840028213633620346e-01
-4.632421554833574540e-01
-1.201593894662189577e+00
-1.110823442403733319e+00
