-2.036379645704186891e-01
-7.971977871322598608e-01
-7.951707420385608627e-01
-6.932949561839039099e-01
-1.051784368091371658e+00
1.590452588300265813e+00
-1.079114644020947145e+00
-8.316436632520265437e-01
-1.043369725032469830e+00
6.357077281910905597e-01
5.213214478049615908e-01
9.549310782183919599e-01
1.016110292454465602e+00
3.845852509045376566e-01
-3.602347039183029925e-02
7.633963767178834070e-01
-2.593208354792335413e-02
-2.040269900569039174e-01
1.623845692313904687e-01
9.259627970520879492e-01
-3.094656222381080846e-01
-2.593208354792335413e-02
7.201462044298820309e-02
-8.512901144705968814e-01
