-1.605720832668898312e+00
-7.192565718027007504e-01
-4.689049621175819249e-01
-1.277885815716020002e+00
-1.545274029256347825e+00
1.837161450823291631e+00
-1.896350071552283634e+00
-2.201804573870331794e+00
-1.520787480616789589e+00
2.469923180531068407e+00
2.538403116259168701e+00
1.414858889845970413e+00
1.700174863730398611e+00
5.095658887630897249e-01
-5.346018028036939596e-01
2.586252792398093803e+00
-1.869153705843491720e+00
4.705012166528820816e-01
-8.849833313877389918e-01
5.886517264626544010e-01
4.628059687581096981e-01
-1.869153705843491720e+00
-1.174084594974735829e+00
-1.486720714446877922e+00
