2.215362202878947903e-02
1.227715925461548396e+00
2.160688603538126973e+00
4.989336529128132747e-01
-3.744641342138018691e-01
2.597374112260629087e+00
-3.744641342138018691e-01
-2.034946940320470632e-01
-2.263481353133843521e-01
3.744641342138018691e-01
3.744641342138018691e-01
3.744641342138018691e-01
3.744641342138018691e-01
-2.856947932570423454e+00
3.065051460242333548e+00
-3.744641342138018691e-01
-4.316071121595888016e-02
-9.240622988892732009e-03
5.799279675217532126e-02
3.070807257036943572e+00
1.532564534904042319e-01
-4.316071121595888016e-02
2.226777560994779304e-01
9.576433860280686439e-02
