-3.179843348822637417e-01
-5.697870149431771142e-02
5.927276686957574231e-02
-8.937475901980969362e-02
-2.863774891253850208e-01
1.642269574469713334e+00
-1.737048395179018545e+00
-2.305083062577499398e+00
-1.827077369009995067e-01
2.582022522507993578e+00
2.643374856166254006e+00
8.912208165539097227e-01
8.282349810320903671e-01
-1.533600220903294620e+00
1.278499748159922067e+00
2.292724113525982599e+00
-3.787444716004305101e-01
1.676224287886164843e+00
-1.680004813133074926e+00
9.791792285831808496e-01
1.336956538686456364e+00
-3.787444716004305101e-01
-9.801432022606201278e-01
-1.075610881002625613e-01
