-5.566756939801079662e-01
-2.130352769496611509e-01
2.638811231209275271e-02
-9.800113998422731454e-01
-1.844363043634346777e+00
1.580028765311380257e+00
-2.265635736633591524e+00
-2.505977312391719725e+00
-1.831038299101968025e+00
2.778826747198395175e+00
2.802128481625597356e+00
1.202830158236019908e+00
1.405473496359831653e+00
4.064720567074479596e-01
-2.836638135693562712e-01
3.003754000875423547e+00
-5.015184463956583460e-01
1.065062428250531379e-01
-5.105059648353978963e-01
5.609401474195748749e-01
3.066627323554214218e-02
-5.015184463956583460e-01
-7.075088136581060283e-01
-1.313399206836414201e+00
