-4.285052705586454014e-01
-6.531834216013444883e-02
6.587492454272052267e-02
-3.860891751186296128e-01
-1.583190403395005719e+00
1.600234155542585412e+00
-2.165313127288503114e+00
-2.485630167343027441e+00
-1.294426574841545330e+00
2.768392265626948401e+00
2.857469438071305934e+00
1.008596464386288361e+00
1.059412504307934766e+00
-6.009999520018616953e-02
2.820976456735002635e-01
2.972135691348106068e+00
-4.866653836316673365e-01
6.532405997938587339e-01
-1.117696787171030381e+00
6.889618652625146833e-01
5.293006770124212279e-01
-4.866653836316673365e-01
-8.933072153132676219e-01
-5.456047340070522278e-01
