-4.309033950079807496e-01
-9.277395198357458739e-01
-6.283263815978937794e-01
-1.086817262753463131e+00
-1.689870798181437594e+00
1.564614440553943497e+00
-2.031606316059849426e+00
-2.172205400623880234e+00
-1.700334025012677719e+00
2.331143256456858381e+00
2.258821379491560144e+00
1.426239824446872584e+00
1.691266112045549885e+00
5.955769379175465117e-01
-4.656718267250315457e-01
2.421069682506066467e+00
-3.070290211803561320e-01
-1.197399911315199378e-01
-2.194129762073777305e-03
5.307165655586166819e-01
-2.279917303211622878e-02
-3.070290211803561320e-01
-3.998434858534347103e-01
-1.421930505084969099e+00
