-1.413973714784740654e+00
-9.425307796234447810e-01
-2.934690633154503070e-01
-1.556421556738561307e+00
-1.602218094570111218e+00
3.160497855987720595e+00
-2.359417478554707515e+00
-3.443496631439509681e+00
-1.636913712784008323e+00
3.605367674753001683e+00
3.654632311171992498e+00
1.276999055412617601e+00
1.866631818359568262e+00
2.411360336017017228e-02
-8.293712225819780404e-01
1.833668694370449215e+00
-1.766002156222800767e+00
5.319972132815426136e+00
-3.561301821915864085e+00
5.902818956048384580e-01
4.501340348877940656e+00
-1.766002156222800767e+00
-3.387206584410188626e+00
-1.584758863108299387e+00
