-1.442812645176469566e+00
-1.194943932825099253e+00
1.057542703009629159e+00
-1.740547033781956188e+00
-1.562713125047155538e+00
1.775983020380065724e+00
-1.985955745102766734e+00
-2.562351370827848474e+00
-1.591310308115874594e+00
2.247294573816935426e+00
2.250924554047764925e+00
1.010366434996730955e+00
1.259675217332028252e+00
4.072004667263169342e-01
-1.494198908324772201e+00
2.427773394809508822e+00
-1.514834606828956654e+00
8.436211458894298243e-01
-2.183711278696421232e+00
1.300407922102728930e+00
9.220766008773895184e-01
-1.514834606828956654e+00
-2.163412958020764609e+00
-1.669362053510519139e+00
