-1.346113548141673499e+00
-9.949899047322878776e-01
8.844494478049408359e-01
-1.582511414050513876e+00
-1.296837350639381770e+00
3.253757915996308814e+00
-1.997390962369837597e+00
-3.189965693591415796e+00
-1.379843268405771539e+00
3.820057239697401297e+00
4.109382936270447928e+00
1.473235162755745842e+00
1.964358849043598587e+00
1.997931601615308278e-02
-3.594174106019468184e-01
3.498342788305783824e+00
-1.509889300184181771e+00
2.798932534571450859e+00
-3.195680175378852184e+00
2.114959824306582581e-01
3.652821716410128428e+00
-1.509889300184181771e+00
-3.016295936581939063e+00
-1.439728715464438924e+00
