-3.749209982289781196e-01
-2.069766855378344095e-01
-1.243700802470151627e-02
-9.658177225809373434e-01
-1.774731873052876052e+00
1.314096673806828042e+00
-2.126631143484906783e+00
-2.265849146934780123e+00
-1.774627066995305480e+00
2.607114520183983153e+00
2.661874773067630873e+00
1.326336623100241585e+00
1.493320995950326857e+00
3.990698035122915988e-01
-3.390830883321473421e-01
2.752725593506926582e+00
-2.864041774371410276e-01
9.388775246604033620e-02
-4.961074045151390721e-01
6.288420715715951070e-01
2.250117936230439791e-02
-2.864041774371410276e-01
-6.708410531289827894e-01
-1.210820859814852435e+00
